%YAML:1.0
---
camera_matrix: !!opencv-matrix
   rows: 3
   cols: 3
   dt: d
   data: [ 447.43306479330863, 0., 347.91590704073428, 0.,
       450.07377628571999, 349.41791779628534, 0., 0., 1. ]
distortion_coefficients: !!opencv-matrix
   rows: 1
   cols: 5
   dt: d
   data: [ -0.34848903254303776, 0.10392848425517569,
       -0.0068821886986823568, 0.00068810472160056113,
       0.011518502047797169 ]
image_width: 800
image_height: 600
reprojection_error: 3.5537839376100107
frames_used: 100
calibration_time: "2025-10-03 09:27:27"
per_view_errors: [ 0.60924583376358987, 0.47871937132436954,
    0.49592270456820864, 2.2995863214289187, 3.800205997851839,
    4.7939011826474855, 4.570304998979501, 4.8378273136365841,
    5.3070963590980398, 4.4931374412368816, 4.2191462001488924,
    3.9985107142056071, 3.9466025595394449, 4.1923766393890762,
    5.5682700341614098, 2.266644857036388, 1.676946593451204,
    0.7500854056206554, 1.7663623921539013, 3.0683631853238142,
    0.46553427530544406, 4.0391707233195335, 2.9004132075747746,
    3.2065278824650747, 3.6003831089049219, 4.0495703991587444,
    4.1964412487586342, 3.9565527130656735, 4.0899331727342334,
    3.9205657039224651, 4.2457694884667374, 4.0156349357765979,
    3.0423732889260746, 3.0978881132287563, 2.9273201222628891,
    3.0826414867348046, 1.0187074641395812, 4.6887597775347913,
    5.0656895929107142, 3.9474849911299685, 4.9131193542876099,
    4.8263931424184756, 3.117427964722101, 4.2037926308766558,
    4.6687490513726315, 3.6726422162411296, 3.0777564114990814,
    2.8973687274786588, 2.4152022748508202, 2.5855265758678314,
    3.7787866869111566, 3.971755256762044, 4.4964738975354086,
    4.8138295901502248, 3.9076258673826536, 1.8499013111990956,
    0.36841077135376021, 1.7987492902385669, 5.186282971817052,
    2.6954645537653299, 2.0927067051698529, 0.86534005277890624,
    1.0898482460878598, 0.52619979283222573, 0.82269270993847499,
    1.9044942812958283, 2.6223988623065795, 3.1602696775443815,
    4.9557823375267862, 5.6704553186259528, 5.7213696247849235,
    5.3515560358307885, 5.0330370332692747, 5.4596508618298394,
    4.9931042522399105, 2.9845900523691657, 4.4671226801303687,
    4.9050192230209131, 5.8230748556250651, 5.4114454230199698,
    4.5568727169116157, 4.9112790804064792, 4.6260866355191563,
    5.5674258569102939, 4.9010956520339475, 3.3875967945587311,
    4.187411304516341, 5.8599710226428812, 5.3784456694106115,
    5.4007215665937034, 5.6539643552722616, 6.8311914112655945,
    4.0455887704134748, 1.324798483987645, 0.95928564366496638,
    0.88675621786416414, 1.0198811098723017, 1.277355538109239,
    2.3889050038999571, 6.4117265523042262 ]
