%YAML:1.0
---
camera_matrix: !!opencv-matrix
   rows: 3
   cols: 3
   dt: d
   data: [ 727.13034159789913, 0., 469.33578044724118, 0.,
       727.92322027163664, 258.37258286023751, 0., 0., 1. ]
distortion_coefficients: !!opencv-matrix
   rows: 1
   cols: 5
   dt: d
   data: [ -0.37754194885602355, 0.17209220950726803,
       -0.0012017922293597891, 0.00044876819174391203,
       -0.060083417419662513 ]
image_width: 800
image_height: 600
reprojection_error: 0.65450128348740777
frames_used: 100
calibration_time: "2025-10-03 08:55:56"
per_view_errors: [ 0.25165387633714464, 0.20961139217134095,
    0.15951236113940537, 0.2138420207445953, 0.23981330640896178,
    0.25551537856997852, 0.20826363918157212, 0.22909170823273756,
    0.22960706924165639, 0.25131580285944799, 0.28728100739928764,
    0.27405529511822013, 0.20919648558165771, 0.22170454410781631,
    0.21697377105428489, 0.19844936050142462, 0.20949448777959565,
    0.49077286974954493, 0.50444723410265402, 0.49473974630397188,
    0.51368723276686856, 0.53538345417776967, 0.52571754598659348,
    0.38322463767462833, 4.3618833387117792, 3.2091054089851481,
    0.76991288318777329, 2.6271294450472196, 3.143348964510865,
    3.2807360279977593, 0.27347534146958546, 0.37478960951956425,
    0.51689074219062958, 0.62261556681647667, 0.98363350051857035,
    1.758269650447472, 1.4369834272626059, 0.37735042129824808,
    0.17470171833298526, 1.1025854994987712, 3.6771645103812634,
    0.41452267411580845, 0.52218533522817512, 0.44437249687163954,
    0.40612472750419082, 0.4285750466352885, 0.69693306414276668,
    0.44545530973527109, 0.4246925126594881, 0.41510972261950202,
    0.41017890757080605, 0.42812865544444811, 0.38946861208675443,
    0.34007126145516164, 0.37985835680915092, 0.40238965728685316,
    0.41588814024780041, 0.48762338227135649, 0.43038869352784553,
    0.39683493087513005, 0.56320064622813215, 0.72038776985568287,
    1.0648708915106495, 2.4065771384824166, 0.21413783578654738,
    0.31396913041393121, 0.28945198705783015, 0.31830184222347752,
    0.20226181042888131, 0.21427258908697905, 0.29531116261267587,
    0.35866158010068566, 0.47962050594992278, 0.40402325835882386,
    0.3076573018096499, 0.32796292260819099, 0.27075968207638973,
    0.29231736795063701, 0.29202854888082513, 0.29446732786616209,
    0.31941773561577702, 0.3371226680499434, 0.34913641671607348,
    0.62187735641017206, 4.07620849944254, 0.48710780542325643,
    0.47845094747952044, 0.48189914062142636, 0.45282631963795594,
    0.38193105669720095, 0.35270597983804519, 0.39480218207715512,
    0.3503918001272836, 0.40622465676318159, 0.34198016429026845,
    0.33544132092994178, 0.33974257443035411, 0.34107246874338448,
    0.37482131704692367, 0.31399486865654608 ]
