%YAML:1.0
---
camera_1_id: "1"
camera_2_id: "5"
rotation_matrix: !!opencv-matrix
   rows: 3
   cols: 3
   dt: d
   data: [ 0.95871947995156814, 0.03078855015627998,
       -0.28268184225497928, -0.0091456893094531509, 0.99694531147974608,
       0.077565470962323788, 0.28420646566967772, -0.071778207680509631,
       0.95607247307603405 ]
translation_vector: !!opencv-matrix
   rows: 3
   cols: 1
   dt: d
   data: [ 45.466831755777839, 0.33352474366720958, 26.414797865535416 ]
essential_matrix: !!opencv-matrix
   rows: 3
   cols: 3
   dt: d
   data: [ 0.33637142306123602, -26.358048694048268, -1.7300024103048803,
       12.402413714164419, 4.0768010212920469, -50.936570003100925,
       -0.73558218592312963, 45.317676003462388, 3.6209376072791137 ]
fundamental_matrix: !!opencv-matrix
   rows: 3
   cols: 3
   dt: d
   data: [ 4.4194353903281297e-08, -3.4592953768489238e-06,
       0.00070777027774744791, 1.6259067982032736e-06,
       5.3387015322494773e-07, -0.0057565050056769401,
       -0.00059054523033383517, 0.0041906324540982847,
       0.99999999999999989 ]
stereo_rms_error: 2.2199828227441252
frames_used: 100
calibration_time: "2025-10-03 08:55:56"
