%YAML:1.0
---
camera_1_id: "1"
camera_2_id: "3"
rotation_matrix: !!opencv-matrix
   rows: 3
   cols: 3
   dt: d
   data: [ 0.99748381505388206, 0.01716777546369487,
       0.068784490920416733, -0.0068196333504792076, 0.98897280020921297,
       -0.14794016711939095, -0.070565794167696913, 0.14709883728968237,
       0.9866014396713122 ]
translation_vector: !!opencv-matrix
   rows: 3
   cols: 1
   dt: d
   data: [ 105.49767133921128, 3.8260603952037338, 27.033995286448025 ]
essential_matrix: !!opencv-matrix
   rows: 3
   cols: 3
   dt: d
   data: [ -0.085627054468965125, -26.173076983746597,
       7.7742104747593412, 34.410499715368964, -15.054471229802703,
       -102.22463482191351, -4.5358887574971636, 104.26864249411561,
       -15.870516745144355 ]
fundamental_matrix: !!opencv-matrix
   rows: 3
   cols: 3
   dt: d
   data: [ 4.6216376657961134e-09, 1.4166550041749697e-06,
       -0.00069208340748136725, -1.8562487086246705e-06,
       8.1439503862376077e-07, 0.0045637281097236828,
       0.00084582908455710989, -0.0067891168441729299, 1. ]
stereo_rms_error: 2.1146425162160183
frames_used: 100
calibration_time: "2025-10-03 08:30:48"
