%YAML:1.0
---
camera_matrix: !!opencv-matrix
   rows: 3
   cols: 3
   dt: d
   data: [ 1067.7080477396375, 0., 402.86886142540908, 0.,
       1065.3110251713731, 313.34060411588325, 0., 0., 1. ]
distortion_coefficients: !!opencv-matrix
   rows: 1
   cols: 5
   dt: d
   data: [ 0.11618383073668291, -1.3995357842059302,
       0.011288700853681534, 0.0056984256195073595, 5.7433547805109528 ]
image_width: 800
image_height: 600
reprojection_error: 0.45448121587432866
frames_used: 100
calibration_time: "2025-10-03 09:27:27"
per_view_errors: [ 0.3697928266429083, 0.57994879208503747,
    0.39489972635595011, 0.32248666487616839, 0.66509300749214972,
    0.68016697190924336, 0.56136016252909993, 0.54405269429996106,
    0.6014976000245138, 0.67982783436787464, 0.71904572458817873,
    3.2588310021579638, 0.48232378574125367, 0.41235933203947023,
    0.3562903627541027, 0.31075018451312691, 0.29888955905146203,
    0.34215204064694382, 0.35129562155485405, 0.40525396349078646,
    0.3655234349848554, 0.47686755511426354, 0.46742043568680219,
    0.46473399987556258, 0.48350735037913134, 0.49183628316714301,
    0.48035113319934852, 0.49885209970629135, 0.50981390897250778,
    0.53173485668552734, 0.28742109097488061, 0.31568888190256,
    0.37338177084036306, 0.43666053620572753, 0.68346060844391965,
    0.38186787817732248, 0.30049529203260739, 0.50022320552330213,
    0.5408672295947714, 0.52621794569204616, 0.52375359778305741,
    0.58702230906735986, 0.54674845135268291, 0.66093093798261349,
    0.69253364846216037, 0.66866283475860044, 0.59298484906095628,
    0.52901085905272061, 0.48101622054423815, 0.42928127252108272,
    0.44673104200400054, 0.47066207660497916, 0.51709774850112389,
    0.53593583873287676, 0.53098258595551384, 0.41489114649819764,
    0.23974634679896747, 0.23676666082730169, 0.23927724607698125,
    0.48776470106830039, 0.30091323242773677, 0.29862646341518234,
    0.22753059362536165, 0.20356295331820709, 0.2142252925414542,
    0.27771967232661243, 0.36770316504308692, 0.44350210217683211,
    0.4265075334941073, 0.41487881049661812, 0.42291614827838026,
    0.42514193160505515, 0.51020721585890072, 0.53884535635614494,
    0.54040500568579375, 0.59654905082591325, 0.82178073117387163,
    0.64756107706782695, 0.32757436887417513, 0.37278453982552284,
    0.39718761087502791, 0.44748525877478512, 0.48242691276941063,
    0.29958580653329836, 0.20065558395071101, 0.15428501191001681,
    0.14639435197632425, 0.36298674708425149, 0.36635458709819646,
    0.28134136476712529, 0.17075582549985385, 0.20832563424562292,
    0.17090312028727203, 0.21723694416797051, 0.25577263233120184,
    0.2168065505920645, 0.31657867321382238, 0.36518832540366264,
    0.35681247577318631, 0.36705919782855873 ]
