%YAML:1.0
---
camera_1_id: "3"
camera_2_id: "5"
rotation_matrix: !!opencv-matrix
   rows: 3
   cols: 3
   dt: d
   data: [ 0.95849605949535521, 0.061743433687384365,
       -0.27833981448648004, -0.0018947933926921332, 0.97762655836416401,
       0.21033954012272346, 0.28509948033953969, -0.20108222392228345,
       0.93716819490025016 ]
translation_vector: !!opencv-matrix
   rows: 3
   cols: 1
   dt: d
   data: [ -27.208742723381711, -21.029100053987126, -97.720466711568235 ]
essential_matrix: !!opencv-matrix
   rows: 3
   cols: 3
   dt: d
   data: [ -6.180545592055787, 99.762701758910254, 0.84667429071730027,
       -85.907483863956827, -11.504791653252807, 52.698664879607101,
       20.207864482415946, -25.301580661386929, -11.57631023959801 ]
fundamental_matrix: !!opencv-matrix
   rows: 3
   cols: 3
   dt: d
   data: [ 2.1519396533942092e-07, -3.4813490614890781e-06,
       0.00097267760469687745, 2.9735732315491575e-06,
       3.9911908200766125e-07, -0.0032706202860226415,
       -0.0014287015265410472, 0.0014668101146977507,
       0.99999999999999989 ]
stereo_rms_error: 5.8247333260224723
frames_used: 100
calibration_time: "2025-10-03 09:27:27"
